Resultado: 0 é igual [           0.958            0.000            0.000            0.000            0.000            0.000            0.031]
Resultado: 1 é igual [           0.000            0.970            0.000            0.000            0.031            0.000            0.030]
Resultado: 2 é igual [           0.002            0.000            0.468            0.018            0.000            0.500            0.000]
Resultado: 3 é igual [           0.000            0.000            0.010            0.956            0.029            0.012            0.000]
Resultado: 4 é igual [           0.000            0.022            0.000            0.032            0.958            0.000            0.000]
Resultado: 5 é igual [           0.001            0.000            0.484            0.022            0.000            0.517            0.000]
Resultado: 6 é igual [           0.032            0.025            0.000            0.000            0.000            0.000            0.947]
Resultado: 7 é igual [           0.958            0.000            0.000            0.000            0.000            0.000            0.030]
Resultado: 8 é igual [           0.000            0.970            0.000            0.000            0.030            0.000            0.030]
Resultado: 9 é igual [           0.001            0.000            0.484            0.022            0.000            0.517            0.000]
Resultado: 10 é igual [           0.000            0.000            0.010            0.956            0.029            0.012            0.000]
Resultado: 11 é igual [           0.000            0.022            0.000            0.031            0.958            0.000            0.000]
Resultado: 12 é igual [           0.001            0.000            0.484            0.021            0.000            0.517            0.000]
Resultado: 13 é igual [           0.058            0.000            0.047            0.000            0.000            0.043            0.000]
Resultado: 14 é igual [           0.958            0.000            0.000            0.000            0.000            0.000            0.031]
Resultado: 15 é igual [           0.000            0.970            0.000            0.000            0.030            0.000            0.030]
Resultado: 16 é igual [           0.001            0.000            0.484            0.022            0.000            0.517            0.000]
Resultado: 17 é igual [           0.000            0.000            0.010            0.956            0.029            0.012            0.000]
Resultado: 18 é igual [           0.000            0.022            0.000            0.031            0.958            0.000            0.000]
Resultado: 19 é igual [           0.001            0.000            0.484            0.022            0.000            0.517            0.000]
Resultado: 20 é igual [           0.032            0.025            0.000            0.000            0.000            0.000            0.947]
