Peso Inicial:
 [[           0.252            0.015]
 [           0.676            0.869]
 [           0.391            0.149]
 [           0.055            0.322]
 [           0.485            0.486]
 [           0.378            0.435]
 [           0.342            0.316]
 [           0.084            0.457]
 [           0.366            0.596]
 [           0.038            0.924]
 [           0.952            0.621]
 [           0.288            0.325]
 [           0.453            0.889]
 [           0.002            0.150]
 [           0.549            0.160]
 [           0.386            0.585]
 [           0.019            0.567]
 [           0.371            0.620]
 [           0.843            0.398]
 [           0.273            0.424]
 [           0.166            0.214]
 [           0.396            0.757]
 [           0.948            0.493]
 [           0.581            0.868]
 [           0.668            0.486]
 [           0.728            0.136]
 [           0.732            0.569]
 [           0.763            0.466]
 [           0.868            0.098]
 [           0.973            0.106]
 [           0.731            0.288]
 [           0.954            0.397]
 [           0.645            0.362]
 [           0.025            0.409]
 [           0.180            0.333]
 [           0.811            0.322]
 [           0.423            0.745]
 [           0.495            0.937]
 [           0.009            0.529]
 [           0.609            0.118]
 [           0.500            0.552]
 [           0.103            0.156]
 [           0.531            0.603]
 [           0.202            0.895]
 [           0.190            0.460]
 [           0.804            0.198]
 [           0.719            0.812]
 [           0.304            0.280]
 [           0.311            0.544]
 [           0.058            0.270]
 [           0.093            0.450]
 [           0.221            0.235]
 [           0.777            0.273]
 [           0.213            0.210]
 [           0.546            0.805]
 [           0.237            0.005]
 [           0.815            0.546]
 [           0.441            0.768]
 [           0.937            0.293]
 [           0.839            0.636]
 [           0.462            0.192]
 [           0.428            0.448]
 [           0.714            0.584]]
Peso Inicial:
 [[           0.249            0.920            0.796            0.693            0.975            0.060            0.780]
 [           0.052            0.493            0.880            0.044            0.057            0.257            0.397]]
