Peso Final:
 [[           0.858           -0.526]
 [           1.576            0.278]
 [           0.578            0.186]
 [           0.220           -0.452]
 [           0.890           -0.618]
 [           1.152            1.595]
 [           0.550           -0.284]
 [           0.724            0.187]
 [          -0.004            0.112]
 [          -0.267            0.513]
 [           0.401            0.282]
 [           0.306            0.411]
 [          -0.087           -0.093]
 [           0.528            0.673]
 [           0.308           -0.171]
 [           0.611            0.276]
 [          -0.467            0.118]
 [           0.111            1.034]
 [           0.729            0.271]
 [          -0.072           -0.015]
 [           0.690            0.275]
 [           0.362            0.929]
 [           0.857            0.456]
 [           0.894            1.265]
 [           1.265           -0.039]
 [           0.291            0.263]
 [           0.635            0.441]
 [           0.722           -0.329]
 [           0.989           -0.411]
 [           1.306            0.065]
 [           0.816            1.782]
 [           1.139            0.116]
 [           0.980            0.088]
 [          -0.043            0.764]
 [           0.583            0.205]
 [           0.893            0.411]
 [           0.489            0.707]
 [          -0.149            0.675]
 [          -0.044            0.898]
 [          -0.036           -0.358]
 [          -0.004            0.384]
 [           0.270           -0.334]
 [          -0.125            0.601]
 [           0.268            0.857]
 [          -0.195            0.325]
 [           0.500            0.301]
 [           0.552            1.391]
 [          -0.261            0.025]
 [           0.394            0.353]
 [           0.415            0.053]
 [          -0.338            0.337]
 [          -0.106           -0.048]
 [           0.421           -0.093]
 [          -0.011           -0.050]
 [           0.167           -0.511]
 [           0.313            0.077]
 [           0.684            0.206]
 [           1.442            0.494]
 [           1.221           -0.094]
 [           0.904           -0.062]
 [           0.769           -0.946]
 [           1.061            1.598]
 [           1.043            0.279]]
Peso Final:
 [[         -24.248           16.652           -7.566           11.588           28.504           -7.463           -5.470]
 [          14.344           14.478          -11.287          -30.131          -13.108          -12.118           27.214]]
